1950  85580
1951  103643
1952  107964
1953  108700
1954  105649
1955  108492
1956  106997
1957  111474
1958  109456
1959  109972
1960  112118
1961  120051
1962  125570
1963  141296
1964  161900
1965  176555
1966  179848
1967  191692
1968  207713
1969  214878
1970  219001
1971  223075
1972  227239
1973  230688
1974  234577
1975  248397
1976  254317
1977  261173
1978  271570
1979  280825
1980  279486
1981  282257
1982  294399
1983  308276
1984  317255
1985  334098
1986  348149
1987  366062
1988  384246
1989  400740
1990  408510
1991  410092
1992  415733
1993  424299
1994  435273
1995  446448
1996  456036
1997  453549
1998  471153
1999  490910
2000  530406
2001  544564
2002  562552
2003  592050
2004  637046
2005  697515
2006  744177
2007  782692
2008  832333
2009  872521
2010  935989
2011  1012317
2012  1078034
2013  1139296
