1972      0        0
1973      0        0
1974      0        0
1975      0        0
1976     13       13
1977     23       36
1978      6       42
1979     11       53
1980     16       69
1981     16       85
1982     32      117
1983     36      153
1984     22      175
1985     20      195
1986     18      213
1987     25      238
1988     53      291
1989     74      365
1990    142      507
1991    187      694
1992    192      886
1993    696     1582
1994   1289     2871
1995    941     3812
1996   1173     4985
1997   1565     6550
1998   2058     8608
1999   2356    10964
2000   2627    13591
2001   2823    16414
2002   2999    19413
2003   4153    23566
2004   5152    28718
2005   5348    34066
2006   6422    40488
2007   7147    47635
2008   6910    54545
2009   7297    61842
2010   7770    69612
2011   7953    77565
2012   8784    86349
2013   9372    95721
2014   9633   105354
2015   8863   114217
